30
-0.5 1 -0.999999 0.333133 0.9998 0 1 -0
0.5 1 1 0.0002 0.666866 0 1 -0
0.5 1 -1 0.333134 0.666867 0 1 -0
-0.5 1 -0.999999 0.333133 0.9998 0 1 -0
-0.5 1 1 0.0002 0.9998 0 1 -0
0.5 1 1 0.0002 0.666866 0 1 -0
-0.5 0 -1 0.0002 0.666467 -0 0 -1
-0.5 1 -0.999999 0.0002 0.333533 -0 0 -1
0.5 1 -1 0.333133 0.333533 -0 0 -1
-0.5 0 1 0.0002 0.333134 -1 0 0
-0.5 1 1 0.0002 0.000199974 -1 0 0
-0.5 1 -0.999999 0.333133 0.000199974 -1 0 0
0.5 0 1 0.9998 0.666866 0 -0 1
0.5 1 1 0.9998 0.9998 0 -0 1
-0.5 1 1 0.666867 0.9998 0 -0 1
0.5 1 1 0.333533 0.666467 1 0 -0
0.5 0 1 0.333533 0.333533 1 0 -0
0.5 0 -1 0.666467 0.333533 1 0 -0
-0.5 0 -1 0.0002 0.666467 -0 0 -1
0.5 1 -1 0.333133 0.333533 -0 0 -1
0.5 0 -1 0.333134 0.666467 -0 0 -1
-0.5 0 1 0.0002 0.333134 -1 0 0
-0.5 1 -0.999999 0.333133 0.000199974 -1 0 0
-0.5 0 -1 0.333134 0.333134 -1 0 0
0.5 0 1 0.9998 0.666866 0 -0 1
-0.5 1 1 0.666867 0.9998 0 -0 1
-0.5 0 1 0.666867 0.666866 0 -0 1
0.5 1 1 0.333533 0.666467 1 0 -0
0.5 0 -1 0.666467 0.333533 1 0 -0
0.5 1 -1 0.666467 0.666467 1 0 -0
