300

-0.5 -0 -0.8 0.000408 0.00569701 0 1 -0
-0.3 -0 -0.8 0.997619 0.00569701 0 1 -0
-0.3 -0 -1 0.987619 0.999303 0 1 -0
-0.3 -0 -0.8 0.999303 0.00569701 0 1 -0
-0.1 -0 -0.8 -0.003486 0.00569701 0 1 -0
-0.1 -0 -1 -0.000986 1.0068 0 1 -0
-0.1 -0 -0.8 -0.001803 0.000697017 0 1 -0
0.1 -0 -0.8 0.992908 0.000697017 0 1 -0
0.1 -0 -1 0.995408 0.996803 0 1 -0
0.1 -0 -0.8 0.995119 0.00569701 0 1 -0
0.3 -0 -0.8 0.00233 0.000697017 0 1 -0
0.3 0 -1 -0.00017 0.999303 0 1 -0
0.3 -0 -0.8 -0.004881 0.00319701 0 1 -0
0.5 -0 -0.8 1.00233 0.00319701 0 1 -0
0.5 -0 -1 0.99983 0.999303 0 1 -0
-0.5 -0 -0.6 -0.004592 0.998197 0.4082 0.8165 0.4082
-0.3 -0.1 -0.6 0.990119 0.995697 0.4082 0.8165 0.4082
-0.3 -0 -0.8 1.00012 0.00180298 0.4082 0.8165 0.4082
-0.1 -0 -0.6 -0.001275 1.0007 0 1 -0
-0.1 -0 -0.8 -0.001275 0.00180298 0 1 -0
-0.3 -0 -0.8 0.996514 -0.000697017 0 1 -0
-0.1 -0 -0.6 -0.002092 1.0007 0 1 -0
0.1 -0 -0.6 1.00012 1.0007 0 1 -0
0.1 -0 -0.8 1.00012 -0.00319695 0 1 -0
0.1 -0 -0.6 0.995119 1.0057 0.4082 0.8165 0.4082
0.3 -0.1 -0.6 -0.00517 1.0032 0.4082 0.8165 0.4082
0.3 -0 -0.8 -0.00267 0.00180298 0.4082 0.8165 0.4082
0.5 -0 -0.6 0.996225 1.0007 0 1 -0
0.5 -0 -0.8 0.996225 0.00680298 0 1 -0
0.3 -0 -0.8 -0.000986 0.00430298 0 1 -0
-0.3 -0 -0.4 0.996225 0.00569701 0.4082 0.8165 -0.4082
-0.3 -0.1 -0.6 1.00122 0.999303 0.4082 0.8165 -0.4082
-0.5 -0 -0.6 0.001514 0.999303 0.4082 0.8165 -0.4082
-0.3 -0 -0.4 0.998197 0.000697017 0 1 -0
-0.1 -0 -0.4 0.000408 0.00319701 0 1 -0
-0.1 -0 -0.6 -0.004592 1.0018 0 1 -0
-0.1 -0 -0.4 0.001803 0.000697017 0 1 -0
0.1 -0 -0.4 1.00151 0.00569701 0 1 -0
0.1 -0 -0.6 0.994014 1.0018 0 1 -0
0.3 -0 -0.4 -0.002381 0.00319701 0.4082 0.8165 -0.4082
0.3 -0.1 -0.6 -0.004881 0.999303 0.4082 0.8165 -0.4082
0.1 -0 -0.6 0.995408 1.0043 0.4082 0.8165 -0.4082
0.3 -0 -0.4 0.001803 0.000697017 0 1 -0
0.5 -0 -0.4 0.996514 0.000697017 0 1 -0
0.5 -0 -0.6 0.996514 1.0018 0 1 -0
-0.5 -0 -0.2 -0.004881 1.0032 0 1 -0
-0.3 -0 -0.2 0.99733 1.0007 0 1 -0
-0.3 -0 -0.4 0.99483 0.00430298 0 1 -0
-0.3 -0 -0.2 0.999014 0.998197 0.4082 0.8165 0.4082
-0.1 -0.1 -0.2 -0.001275 1.0007 0.4082 0.8165 0.4082
-0.1 -0 -0.4 -0.001275 0.00430298 0.4082 0.8165 0.4082
-0.1 -0.1 -0.2 0.001803 1.0007 0 0.8944 0.4472
0.1 -0.1 -0.2 0.999014 0.998197 0 0.8944 0.4472
0.1 -0 -0.4 0.999014 0.00180298 0 0.8944 0.4472
0.3 -0 -0.2 -0.003486 0.998197 0 1 -0
0.3 -0 -0.4 -0.000986 -0.000697017 0 1 -0
0.1 -0 -0.4 0.996803 0.00430298 0 1 -0
0.3 -0 -0.2 -0.005986 1.0057 0 1 -0
0.5 -0 -0.2 0.998725 1.0057 0 1 -0
0.5 -0 -0.4 1.00122 0.00430298 0 1 -0
-0.5 -0 -0 0.001514 0.00319701 0 1 -0
-0.3 -0 -0 0.993725 -0.00180304 0 1 -0
-0.3 -0 -0.2 0.996225 0.996803 0 1 -0
-0.1 -0 -0 -0.002092 0.00319701 0.4082 0.8165 -0.4082
-0.1 -0.1 -0.2 -0.004592 0.996803 0.4082 0.8165 -0.4082
-0.3 -0 -0.2 0.995697 0.999303 0.4082 0.8165 -0.4082
-0.1 -0 -0 -0.003486 0.000697017 0 0.8944 -0.4472
0.1 -0 -0 0.998725 0.00319701 0 0.8944 -0.4472
0.1 -0.1 -0.2 0.996225 0.999303 0 0.8944 -0.4472
0.1 -0 -0 0.992908 0.00319701 0 1 -0
0.3 -0 -0 0.002619 0.00319701 0 1 -0
0.3 -0 -0.2 0.000119 1.0018 0 1 -0
0.3 -0 -0 -0.000986 0.00319701 0 1 -0
0.5 -0 -0 0.993725 0.00319701 0 1 -0
0.5 -0 -0.2 0.998725 0.999303 0 1 -0
-0.5 -0 0.2 -0.004303 1.0082 0 1 -0
-0.3 -0 0.2 0.995408 1.0032 0 1 -0
-0.3 -0 -0 0.995408 -0.000697017 0 1 -0
-0.3 -0 0.2 0.993197 1.0032 0.4082 0.8165 0.4082
-0.1 -0.1 0.2 0.000408 1.0007 0.4082 0.8165 0.4082
-0.1 -0 -0 0.000408 0.00430298 0.4082 0.8165 0.4082
-0.1 -0.1 0.2 -0.003197 1.0032 0 0.8944 0.4472
0.1 -0.1 0.2 0.996514 0.995697 0 0.8944 0.4472
0.1 -0 -0 0.994014 0.00430298 0 0.8944 0.4472
0.3 -0 0.2 0.002619 1.0007 0 1 -0
0.3 -0 -0 -0.007381 0.00180298 0 1 -0
0.1 -0 -0 0.992908 -0.000697017 0 1 -0
0.3 -0 0.2 -0.001803 1.0007 0 1 -0
0.5 -0 0.2 0.997908 1.0007 0 1 -0
0.5 -0 -0 1.00291 -0.000697017 0 1 -0
-0.5 -0 0.4 -0.000986 0.000697017 0 1 -0
-0.3 -0 0.4 0.996225 -0.00180304 0 1 -0
-0.3 -0 0.2 0.991225 1.0018 0 1 -0
-0.1 -0 0.4 0.000408 0.00319701 0.4082 0.8165 -0.4082
-0.1 -0.1 0.2 0.000408 0.996803 0.4082 0.8165 -0.4082
-0.3 -0 0.2 0.995697 1.0043 0.4082 0.8165 -0.4082
-0.1 -0 0.4 0.000408 0.00569701 0 0.8944 -0.4472
0.1 -0 0.4 0.995119 0.000697017 0 0.8944 -0.4472
0.1 -0.1 0.2 0.992619 0.996803 0 0.8944 -0.4472
0.1 -0 0.4 0.996803 0.000697017 0 1 -0
0.3 -0 0.4 0.001514 -0.00180304 0 1 -0
0.3 -0 0.2 -0.000986 1.0043 0 1 -0
0.3 -0 0.4 -0.004881 0.00319701 0 1 -0
0.5 -0 0.4 0.99733 0.00319701 0 1 -0
0.5 -0 0.2 0.99483 1.0018 0 1 -0
-0.5 -0 0.6 -0.003486 1.0007 0.4082 0.8165 0.4082
-0.3 -0.1 0.6 0.996225 0.998197 0.4082 0.8165 0.4082
-0.3 -0 0.4 0.993725 0.00180298 0.4082 0.8165 0.4082
-0.1 -0 0.6 0.000408 1.0057 0 1 -0
-0.1 -0 0.4 -0.002092 0.00180298 0 1 -0
-0.3 -0 0.4 0.995697 -0.00319695 0 1 -0
-0.1 -0 0.6 -0.000697 1.0032 0 1 -0
0.1 -0 0.6 0.996514 0.998197 0 1 -0
0.1 -0 0.4 0.996514 0.00430298 0 1 -0
0.1 -0 0.6 0.992908 1.0007 0.4082 0.8165 0.4082
0.3 -0.1 0.6 -0.002381 1.0007 0.4082 0.8165 0.4082
0.3 -0 0.4 0.000119 0.00180298 0.4082 0.8165 0.4082
0.5 -0 0.6 0.992908 0.998197 0 1 -0
0.5 -0 0.4 0.997908 -0.000697017 0 1 -0
0.3 -0 0.4 -0.001803 -0.00319695 0 1 -0
-0.3 0 0.8 0.995119 0.00319701 0.4082 0.8165 -0.4082
-0.3 -0.1 0.6 0.992619 0.996803 0.4082 0.8165 -0.4082
-0.5 -0 0.6 -0.009592 1.0068 0.4082 0.8165 -0.4082
-0.3 0 0.8 0.999303 0.000697017 0 1 -0
-0.1 -0 0.8 0.001514 0.00319701 0 1 -0
-0.1 -0 0.6 0.001514 1.0018 0 1 -0
-0.1 -0 0.8 -0.001803 0.00319701 0 1 -0
0.1 -0 0.8 1.00041 -0.00180304 0 1 -0
0.1 -0 0.6 0.997908 0.996803 0 1 -0
0.3 0 0.8 -0.002381 0.00319701 0.4082 0.8165 -0.4082
0.3 -0.1 0.6 0.002619 0.996803 0.4082 0.8165 -0.4082
0.1 -0 0.6 0.992908 0.996803 0.4082 0.8165 -0.4082
0.3 0 0.8 -0.003197 0.00569701 0 1 -0
0.5 -0 0.8 0.996514 0.00569701 0 1 -0
0.5 -0 0.6 0.996514 1.0043 0 1 -0
-0.5 -0 1 -0.004881 0.998197 0 1 -0
-0.3 -0 1 0.99733 0.998197 0 1 -0
-0.3 0 0.8 1.00233 0.00430298 0 1 -0
-0.3 -0 1 0.992619 0.995697 0 1 -0
-0.1 -0 1 -0.00267 1.0032 0 1 -0
-0.1 -0 0.8 -0.00017 0.00180298 0 1 -0
-0.1 -0 1 -0.002381 1.0057 0 1 -0
0.1 -0 1 1.00233 1.0007 0 1 -0
0.1 -0 0.8 0.99733 -0.000697017 0 1 -0
0.1 -0 1 0.995119 0.995697 0 1 -0
0.3 -0 1 -0.00267 1.0007 0 1 -0
0.3 0 0.8 0.00233 0.00430298 0 1 -0
0.3 -0 1 -0.007381 1.0032 0 1 -0
0.5 -0 1 0.99233 1.0007 0 1 -0
0.5 -0 0.8 0.99983 -0.000697017 0 1 -0
-0.5 -0 -0.8 0.000408 0.00569701 0 1 -0
-0.3 -0 -1 0.987619 0.999303 0 1 -0
-0.5 -0 -1 0.000408 0.999303 0 1 -0
-0.3 -0 -0.8 0.999303 0.00569701 0 1 -0
-0.1 -0 -1 -0.000986 1.0068 0 1 -0
-0.3 -0 -1 0.999303 1.0068 0 1 -0
-0.1 -0 -0.8 -0.001803 0.000697017 0 1 -0
0.1 -0 -1 0.995408 0.996803 0 1 -0
-0.1 -0 -1 0.000697 0.996803 0 1 -0
0.1 -0 -0.8 0.995119 0.00569701 0 1 -0
0.3 0 -1 -0.00017 0.999303 0 1 -0
0.1 -0 -1 0.997619 1.0068 0 1 -0
0.3 -0 -0.8 -0.004881 0.00319701 0 1 -0
0.5 -0 -1 0.99983 0.999303 0 1 -0
0.3 0 -1 -0.002381 1.0018 0 1 -0
-0.5 -0 -0.6 -0.004592 0.998197 0 1 -0
-0.3 -0 -0.8 1.00012 0.00180298 0 1 -0
-0.5 -0 -0.8 0.000408 0.00180298 0 1 -0
-0.1 -0 -0.6 -0.001275 1.0007 -0.4082 0.8165 0.4082
-0.3 -0 -0.8 0.996514 -0.000697017 -0.4082 0.8165 0.4082
-0.3 -0.1 -0.6 0.996514 1.0007 -0.4082 0.8165 0.4082
-0.1 -0 -0.6 -0.002092 1.0007 0 1 -0
0.1 -0 -0.8 1.00012 -0.00319695 0 1 -0
-0.1 -0 -0.8 0.000408 -0.00319695 0 1 -0
0.1 -0 -0.6 0.995119 1.0057 0 1 -0
0.3 -0 -0.8 -0.00267 0.00180298 0 1 -0
0.1 -0 -0.8 1.00012 0.00430298 0 1 -0
0.5 -0 -0.6 0.996225 1.0007 -0.4082 0.8165 0.4082
0.3 -0 -0.8 -0.000986 0.00430298 -0.4082 0.8165 0.4082
0.3 -0.1 -0.6 -0.003486 1.0032 -0.4082 0.8165 0.4082
-0.3 -0 -0.4 0.996225 0.00569701 0 1 -0
-0.5 -0 -0.6 0.001514 0.999303 0 1 -0
-0.5 -0 -0.4 -0.003486 0.00319701 0 1 -0
-0.3 -0 -0.4 0.998197 0.000697017 -0.4082 0.8165 -0.4082
-0.1 -0 -0.6 -0.004592 1.0018 -0.4082 0.8165 -0.4082
-0.3 -0.1 -0.6 0.995697 0.996803 -0.4082 0.8165 -0.4082
-0.1 -0 -0.4 0.001803 0.000697017 0 1 -0
0.1 -0 -0.6 0.994014 1.0018 0 1 -0
-0.1 -0 -0.6 -0.003197 0.999303 0 1 -0
0.3 -0 -0.4 -0.002381 0.00319701 0 1 -0
0.1 -0 -0.6 0.995408 1.0043 0 1 -0
0.1 -0 -0.4 1.00041 0.000697017 0 1 -0
0.3 -0 -0.4 0.001803 0.000697017 -0.4082 0.8165 -0.4082
0.5 -0 -0.6 0.996514 1.0018 -0.4082 0.8165 -0.4082
0.3 -0.1 -0.6 0.001803 0.999303 -0.4082 0.8165 -0.4082
-0.5 -0 -0.2 -0.004881 1.0032 0 1 -0
-0.3 -0 -0.4 0.99483 0.00430298 0 1 -0
-0.5 -0 -0.4 -0.004881 0.00180298 0 1 -0
-0.3 -0 -0.2 0.999014 0.998197 0 1 -0
-0.1 -0 -0.4 -0.001275 0.00430298 0 1 -0
-0.3 -0 -0.4 0.994014 -0.000697017 0 1 -0
-0.1 -0.1 -0.2 0.001803 1.0007 0 0.8944 0.4472
0.1 -0 -0.4 0.999014 0.00180298 0 0.8944 0.4472
-0.1 -0 -0.4 0.001803 0.00180298 0 0.8944 0.4472
0.3 -0 -0.2 -0.003486 0.998197 -0.4082 0.8165 0.4082
0.1 -0 -0.4 0.996803 0.00430298 -0.4082 0.8165 0.4082
0.1 -0.1 -0.2 0.996803 1.0007 -0.4082 0.8165 0.4082
0.3 -0 -0.2 -0.005986 1.0057 0 1 -0
0.5 -0 -0.4 1.00122 0.00430298 0 1 -0
0.3 -0 -0.4 0.001514 0.00180298 0 1 -0
-0.5 -0 -0 0.001514 0.00319701 0 1 -0
-0.3 -0 -0.2 0.996225 0.996803 0 1 -0
-0.5 -0 -0.2 -0.000986 1.0018 0 1 -0
-0.1 -0 -0 -0.002092 0.00319701 0 1 -0
-0.3 -0 -0.2 0.995697 0.999303 0 1 -0
-0.3 -0 -0 0.990697 0.00319701 0 1 -0
-0.1 -0 -0 -0.003486 0.000697017 0 0.8944 -0.4472
0.1 -0.1 -0.2 0.996225 0.999303 0 0.8944 -0.4472
-0.1 -0.1 -0.2 -0.003486 0.999303 0 0.8944 -0.4472
0.1 -0 -0 0.992908 0.00319701 -0.4082 0.8165 -0.4082
0.3 -0 -0.2 0.000119 1.0018 -0.4082 0.8165 -0.4082
0.1 -0.1 -0.2 0.995408 0.999303 -0.4082 0.8165 -0.4082
0.3 -0 -0 -0.000986 0.00319701 0 1 -0
0.5 -0 -0.2 0.998725 0.999303 0 1 -0
0.3 -0 -0.2 -0.000986 1.0043 0 1 -0
-0.5 -0 0.2 -0.004303 1.0082 0 1 -0
-0.3 -0 -0 0.995408 -0.000697017 0 1 -0
-0.5 -0 -0 -0.001803 -0.00319695 0 1 -0
-0.3 -0 0.2 0.993197 1.0032 0 1 -0
-0.1 -0 -0 0.000408 0.00430298 0 1 -0
-0.3 -0 -0 0.993197 -0.000697017 0 1 -0
-0.1 -0.1 0.2 -0.003197 1.0032 0 0.8944 0.4472
0.1 -0 -0 0.994014 0.00430298 0 0.8944 0.4472
-0.1 -0 -0 -0.000697 -0.000697017 0 0.8944 0.4472
0.3 -0 0.2 0.002619 1.0007 -0.4082 0.8165 0.4082
0.1 -0 -0 0.992908 -0.000697017 -0.4082 0.8165 0.4082
0.1 -0.1 0.2 0.995408 1.0032 -0.4082 0.8165 0.4082
0.3 -0 0.2 -0.001803 1.0007 0 1 -0
0.5 -0 -0 1.00291 -0.000697017 0 1 -0
0.3 -0 -0 -0.001803 -0.000697017 0 1 -0
-0.5 -0 0.4 -0.000986 0.000697017 0 1 -0
-0.3 -0 0.2 0.991225 1.0018 0 1 -0
-0.5 -0 0.2 -0.005986 0.999303 0 1 -0
-0.1 -0 0.4 0.000408 0.00319701 0 1 -0
-0.3 -0 0.2 0.995697 1.0043 0 1 -0
-0.3 -0 0.4 0.995697 0.000697017 0 1 -0
-0.1 -0 0.4 0.000408 0.00569701 0 0.8944 -0.4472
0.1 -0.1 0.2 0.992619 0.996803 0 0.8944 -0.4472
-0.1 -0.1 0.2 -0.004592 1.0043 0 0.8944 -0.4472
0.1 -0 0.4 0.996803 0.000697017 -0.4082 0.8165 -0.4082
0.3 -0 0.2 -0.000986 1.0043 -0.4082 0.8165 -0.4082
0.1 -0.1 0.2 0.996803 0.999303 -0.4082 0.8165 -0.4082
0.3 -0 0.4 -0.004881 0.00319701 0 1 -0
0.5 -0 0.2 0.99483 1.0018 0 1 -0
0.3 -0 0.2 0.000119 0.999303 0 1 -0
-0.5 -0 0.6 -0.003486 1.0007 0 1 -0
-0.3 -0 0.4 0.993725 0.00180298 0 1 -0
-0.5 -0 0.4 -0.000986 0.00180298 0 1 -0
-0.1 -0 0.6 0.000408 1.0057 -0.4082 0.8165 0.4082
-0.3 -0 0.4 0.995697 -0.00319695 -0.4082 0.8165 0.4082
-0.3 -0.1 0.6 0.998197 0.998197 -0.4082 0.8165 0.4082
-0.1 -0 0.6 -0.000697 1.0032 0 1 -0
0.1 -0 0.4 0.996514 0.00430298 0 1 -0
-0.1 -0 0.4 -0.000697 -0.000697017 0 1 -0
0.1 -0 0.6 0.992908 1.0007 0 1 -0
0.3 -0 0.4 0.000119 0.00180298 0 1 -0
0.1 -0 0.4 0.997908 -0.00319695 0 1 -0
0.5 -0 0.6 0.992908 0.998197 -0.4082 0.8165 0.4082
0.3 -0 0.4 -0.001803 -0.00319695 -0.4082 0.8165 0.4082
0.3 -0.1 0.6 0.000697 1.0057 -0.4082 0.8165 0.4082
-0.3 0 0.8 0.995119 0.00319701 0 1 -0
-0.5 -0 0.6 -0.009592 1.0068 0 1 -0
-0.5 -0 0.8 0.000408 0.000697017 0 1 -0
-0.3 0 0.8 0.999303 0.000697017 -0.4082 0.8165 -0.4082
-0.1 -0 0.6 0.001514 1.0018 -0.4082 0.8165 -0.4082
-0.3 -0.1 0.6 0.999303 0.999303 -0.4082 0.8165 -0.4082
-0.1 -0 0.8 -0.001803 0.00319701 0 1 -0
0.1 -0 0.6 0.997908 0.996803 0 1 -0
-0.1 -0 0.6 -0.001803 0.999303 0 1 -0
0.3 0 0.8 -0.002381 0.00319701 0 1 -0
0.1 -0 0.6 0.992908 0.996803 0 1 -0
0.1 -0 0.8 0.992908 -0.00430298 0 1 -0
0.3 0 0.8 -0.003197 0.00569701 -0.4082 0.8165 -0.4082
0.5 -0 0.6 0.996514 1.0043 -0.4082 0.8165 -0.4082
0.3 -0.1 0.6 -0.000697 1.0018 -0.4082 0.8165 -0.4082
-0.5 -0 1 -0.004881 0.998197 0 1 -0
-0.3 0 0.8 1.00233 0.00430298 0 1 -0
-0.5 -0 0.8 -0.007381 -0.000697017 0 1 -0
-0.3 -0 1 0.992619 0.995697 0 1 -0
-0.1 -0 0.8 -0.00017 0.00180298 0 1 -0
-0.3 0 0.8 0.995119 0.00430298 0 1 -0
-0.1 -0 1 -0.002381 1.0057 0 1 -0
0.1 -0 0.8 0.99733 -0.000697017 0 1 -0
-0.1 -0 0.8 0.002619 0.00180298 0 1 -0
0.1 -0 1 0.995119 0.995697 0 1 -0
0.3 0 0.8 0.00233 0.00430298 0 1 -0
0.1 -0 0.8 0.992619 0.00680298 0 1 -0
0.3 -0 1 -0.007381 1.0032 0 1 -0
0.5 -0 0.8 0.99983 -0.000697017 0 1 -0
0.3 0 0.8 -0.002381 0.00180298 0 1 -0
